00000000000000000000000000000000000000000000000000000000000000000000000000000000
00000000000000000000000000000000000000000000000000000000000000000000000000000000
00000000000000000000000000000000000000000000000000000000000000000000000000000000
00000000000000000000000000000000000000000000000000000000000000000000000000000000
00000000000000000000000000000000000000000000000000000000000000000000000000000000
00000000000000000000000000000000000000000000000000000000000000000000000000000000
00000000000000000000000000000000000010000000000000000000000000000000000000000000
00000000000000000000000000000000000111000000000000000000000000000000000000000000
00000000000000000000000000000000011101110000000000000000000000000000000000000000
00000000000000000000000000000000010000010000000000000000000000000000000000000000
00000000000000000000000000000000110000011000000000000000000000000000000000000000
00000000000000000000000000000001100000001100000000000000000000000000000000000000
00000000000000000000000000000000110000011000000000000000000000000000000000000000
00000000000000000000000000000000010000010000000000000000000000000000000000000000
00000000000000000000000000000000011101110000000000000000000000000000000000000000
00000000000000000000000000000000000111000000000000000000000000000000000000000000
00000000000000000000000000000000000010000000000000000000000000000000000000000000
00000000000000000000000000000000000000000000000000000000000000000000000000000000
00000000000000000000000000000000000000000000000000000000000000000000000000000000
00000000000000000000000000000000000000000000000000000000000000000000000000000000
00000000000000000000000000000000000000000000000000000000000000000000000000000000
00000000000000000000000000000000000000000000000000000000000000000000000000000000
00000000000000000000000000000000000000000000000000000000000000000000000000000000
00000000000000000000000000000000000000000000000000000000000000000000000000000000
00000000000000000000000000000000000000000000000000000000000000000000000000000000