10000000000000000000000000000000000000000000000000000000000000000000000000000001
00000000000000000000000000000000000000000000000000000000000000000000000000000000
00000000000000001000000000000000000000000000000000000000000000000000000000000000
00000000000000010100000000000000000000000000000000000110000000000000000000000000
00000000000000010100000000000000000000000000000000001001000000000000000000000000
00000000000000001000000000000000000000000000000000001010000000000000000000000000
00000000000000000000000000000000000000000000000000110100000000000000000000000000
00000000000110000000110000000000000000000000000001001000000000000000000000000000
00000000001001000001001000000000000000000000000001010000000000000000000000000000
00000000000110000000110000000000000000000000000000100000000000000000000000000000
00000000000000000000000000000000000000000000000000000000000000000000000000000000
00000000000000001000000000000000000000000000000000000000000000000000000000000000
00000000000000010100000000000000000000000000000011000000000000000000000000000000
00000000000000010100000000000000000000000000000011000000000000000000000000000000
00000000000000001000000000000000000000000000000000000000000000000000000000000000
00000000000000000000000000000000000000000000001111000000000000000000000000000000
00000000000000000000000000000000000000000011010000100000000000000000000000000000
00000000000000000000000000000000000000000011010010100000000000000000000000000000
00000000000000000000000000000000000000000000010001101100000000000000000000000000
00000000000000000000000000000000000000000000010100101100000000000000000000000000
00000000000000000000000000000000000000000000001111000000000000000000000000000000
00000000000000000000000000000000000000000000000000000000000000000000000000000000
00000000000000000000000000000000000000000000001100000000000000000000000000000000
00000000000000000000000000000000000000000000001100000000000000000000000000000000
10000000000000000000000000000000000000000000000000000000000000000000000000000001